3993;3993
3993;3993
3594;3860
3594;3793
3194;3673
3194;3593
3194;3536
3194;3493
2795;3416
2795;3354
2795;3303
2795;3260
2795;3225
2795;3194
2795;3167
2795;3144
2795;3123
2795;3105
2795;3089
2795;3074
2795;3061
2795;3049
2795;3038
2795;3027
2795;3018
2795;3010
2795;3002
2795;2994
2795;2987
2795;2981
2795;2975
2795;2969
2795;2964
2795;2959
2795;2954
2795;2950
2795;2946
2795;2942
2795;2938
2795;2934
2795;2931
2795;2928
2795;2925
2795;2922
2795;2919
2795;2916
2795;2913
2795;2911
2795;2909
2795;2906
3194;2912
3194;2917
3194;2923
3194;2928
3194;2932
3194;2937
3194;2942
3194;2946
3194;2950
2795;2948
2795;2945
2795;2943
2795;2940
2795;2938
2795;2936
2795;2934
2795;2932
2795;2930
2795;2928
2795;2926
2795;2924
2795;2922
2795;2920
2795;2919
2795;2917
2795;2915
2795;2914
2795;2912
2795;2911
2795;2909
2795;2908
2795;2906
2795;2905
2795;2904
2795;2903
3194;2906
3194;2909
2795;2908
2795;2907
2795;2905
2795;2904
2795;2903
2795;2902
2795;2901
2795;2900
2795;2898
2795;2897
2795;2896
2795;2895
2795;2894
2795;2893
2795;2892
2795;2891
2795;2890
2795;2890
2795;2889
2795;2888
2795;2887
2795;2886
2795;2885
2795;2884
2795;2884
2795;2883
2795;2882
2795;2881
2795;2881
2795;2880
2795;2879
2795;2878
2795;2878
2795;2877
2795;2876
2795;2876
2795;2875
2795;2874
2795;2874
2795;2873
2795;2872
2795;2872
2795;2871
2795;2871
2795;2870
2795;2870
2795;2869
2795;2868
2795;2868
2795;2867
2795;2867
2795;2866
2795;2866
2795;2865
2795;2865
2795;2864
2795;2864
2795;2863
2795;2863
2795;2862
2795;2862
2795;2861
2795;2861
2795;2861
2795;2860
2795;2860
2795;2859
2795;2859
2795;2858
2795;2858
2795;2858
2795;2857
2795;2857
2795;2856
2795;2856
2795;2856
2795;2855
2795;2855
2795;2855
2795;2854
2795;2854
2795;2854
2795;2853
2795;2853
2795;2853
2795;2852
2795;2852
2795;2852
2795;2851
2795;2851
2795;2851
2795;2850
2795;2850
2795;2850
2795;2849
2795;2849
2795;2849
2795;2848
2795;2848
2795;2848
2795;2848
2795;2847
2795;2847
2795;2847
2795;2846
2795;2846
2795;2846
2795;2846
2795;2845
2795;2845
2795;2845
2795;2845
2795;2844
2795;2844
2795;2844
2795;2844
2795;2843
2795;2843
2795;2843
2795;2843
2795;2842
2795;2842
2795;2842
2795;2842
2795;2842
2795;2841
2795;2841
2795;2841
2795;2841
2795;2840
2795;2840
2795;2840
2795;2840
2795;2840
2795;2839
2795;2839
2795;2839
2795;2839
2795;2839
2795;2838
2795;2838
2795;2838
2795;2838
2795;2838
2795;2838
2795;2837
2795;2837
2795;2837
2795;2837
2795;2837
2795;2836
2795;2836
2795;2836
2795;2836
2795;2836
2795;2836
2795;2835
2795;2835
2795;2835
2795;2835
2795;2835
2795;2835
2795;2834
2795;2834
2795;2834
2795;2834
2795;2834
2795;2834
2795;2833
2795;2833
2795;2833
2795;2833
2795;2833
2795;2833
2795;2833
2795;2832
2795;2832
2795;2832
2795;2832
2795;2832
2795;2832
2795;2832
2795;2831
2795;2831
2795;2831
2795;2831
2795;2831
2795;2831
2795;2831
2795;2831
2795;2830
2795;2830
2795;2830
2795;2830
2795;2830
2795;2830
2795;2830
2795;2830
2795;2829
2795;2829
2795;2829
2795;2829
2795;2829
2795;2829
2795;2829
2795;2829
2795;2828
2795;2828
2795;2828
2795;2828
2795;2828
2795;2828
2795;2828
2795;2828
2795;2828
2795;2827
2795;2827
2795;2827
2795;2827
2795;2827
2795;2827
2795;2827
2795;2827
2795;2827
2795;2826
2795;2826
2795;2826
2795;2826
2795;2826
2795;2826
2795;2826
2795;2826
2795;2826
2795;2826
2795;2825
2795;2825
2795;2825
2795;2825
2795;2825
2795;2825
2795;2825
2795;2825
2795;2825
2795;2825
2795;2825
2795;2824
2795;2824
2795;2824
2795;2824
2795;2824
2795;2824
2795;2824
2795;2824
2795;2824
2795;2824
2795;2824
2795;2824
2795;2823
2795;2823
2795;2823
2795;2823
2795;2823
2795;2823
2795;2823
2795;2823
2795;2823
2795;2823
2795;2823
2795;2823
2795;2822
2795;2822
2795;2822
2795;2822
2795;2822
2795;2822
2795;2822
2795;2822
2795;2822
2795;2822
2795;2822
2795;2822
2795;2822
2795;2821
2795;2821
2795;2821
2795;2821
2795;2821
2795;2821
2795;2821
2795;2821
2795;2821
2795;2821
2795;2821
2795;2821
2795;2821
2795;2821
2795;2820
2795;2820
2795;2820
2795;2820
2795;2820
2795;2820
2795;2820
2795;2820
2795;2820
2795;2820
2795;2820
2795;2820
2795;2820
2795;2820
2795;2820
2795;2820
2795;2819
2795;2819
2795;2819
2795;2819
2795;2819
2795;2819
2795;2819
2795;2819
2795;2819
2795;2819
2795;2819
2795;2819
2795;2819
2795;2819
2795;2819
2795;2819
2795;2818
2795;2818
2795;2818
2795;2818
2795;2818
2795;2818
2795;2818
2795;2818
2795;2818
2795;2818
2795;2818
2795;2818
2795;2818
2795;2818
2795;2818
2795;2818
2795;2818
2795;2818
2795;2817
2795;2817
2795;2817
2795;2817
2795;2817
2795;2817
2795;2817
2795;2817
2795;2817
2795;2817
2795;2817
2795;2817
2795;2817
2795;2817
2795;2817
2795;2817
2795;2817
2795;2817
2795;2817
2795;2817
2795;2816
2795;2816
2795;2816
2795;2816
2795;2816
2795;2816
2795;2816
2795;2816
2795;2816
2795;2816
2795;2816
2795;2816
2795;2816
2795;2816
2795;2816
2795;2816
2795;2816
2795;2816
2795;2816
2795;2816
2795;2816
2795;2816
2795;2815
2795;2815
2795;2815
2795;2815
2795;2815
2795;2815
2795;2815
2795;2815
2795;2815
2795;2815
2795;2815
2795;2815
2795;2815
2795;2815
2795;2815
2795;2815
2795;2815
2795;2815
2795;2815
2795;2815
2795;2815
2795;2815
2795;2815
2795;2814
2795;2814
2795;2814
2795;2814
2795;2814
2795;2814
2795;2814
2795;2814
2795;2814
2795;2814
2795;2814
2795;2814
2795;2814
2795;2814
2795;2814
2795;2814
2795;2814
2795;2814
3194;2815
3194;2815
3194;2816
3194;2817
3194;2817
3194;2818
3194;2819
3194;2820
3194;2820
3194;2821
2795;2821
2795;2821
2795;2821
2795;2821
2795;2821
2795;2821
2795;2821
2795;2821
2795;2821
2795;2821
2795;2821
2795;2820
2795;2820
2795;2820
2795;2820
2795;2820
