799;799
799;799
799;799
799;799
799;799
799;799
799;799
799;799
799;799
799;799
799;799
799;799
799;799
799;799
799;799
799;799
799;799
799;799
799;799
799;799
799;799
798;798
798;798
799;798
799;798
799;798
799;798
799;798
799;798
799;798
799;798
799;798
799;798
799;798
799;798
799;798
799;798
799;798
799;798
799;798
798;798
799;798
799;798
799;798
798;798
798;798
798;798
1198;807
1198;815
1198;822
1198;830
1198;837
1198;844
1598;858
1198;864
1598;877
1598;889
1198;895
1198;900
1198;905
1198;910
1198;914
1198;919
1198;923
1198;927
1198;931
1198;935
1198;939
1198;943
1198;947
1198;950
1198;954
1198;957
1198;960
1198;963
1198;966
1198;969
1198;972
1198;975
1198;978
1198;981
1198;983
799;981
798;979
1198;982
1198;984
1198;986
1198;989
1198;991
1198;994
1198;996
1198;998
1198;1000
1198;1002
1198;1004
1198;1006
1198;1008
1198;1010
1198;1012
1198;1014
1198;1016
1198;1018
1198;1019
1198;1021
1198;1023
1198;1024
1198;1026
1198;1028
1198;1029
1198;1031
1198;1032
1198;1034
1198;1035
1198;1036
1198;1038
1198;1039
1198;1041
1198;1042
1198;1043
1198;1045
1198;1046
799;1044
799;1042
799;1040
799;1038
799;1036
1198;1037
1198;1038
1198;1040
1198;1041
1198;1042
1198;1043
1198;1044
1198;1046
1198;1047
1198;1048
1198;1049
1198;1050
1198;1051
1198;1052
1198;1053
1198;1054
1198;1055
1198;1056
1198;1057
1198;1058
1198;1059
1198;1060
1198;1061
1198;1062
1198;1063
1198;1064
1198;1064
1198;1065
1198;1066
1198;1067
1198;1068
1198;1069
1198;1069
1198;1070
1198;1071
1198;1072
799;1070
798;1069
798;1067
798;1065
798;1064
1198;1064
1198;1065
1198;1066
1198;1067
1198;1068
1198;1068
1198;1069
1198;1070
1198;1071
1198;1071
1198;1072
1198;1073
1198;1073
1198;1074
1198;1075
1198;1075
1198;1076
1198;1077
1198;1077
1198;1078
1198;1079
1198;1079
1198;1080
1198;1080
1198;1081
1198;1082
1198;1082
1198;1083
1198;1083
1198;1084
1198;1085
1198;1085
1198;1086
1198;1086
1198;1087
799;1085
798;1084
798;1083
798;1081
798;1080
798;1079
1198;1079
1198;1080
1198;1080
1198;1081
1198;1081
1198;1082
1198;1082
1198;1083
1198;1083
1198;1084
1198;1084
1198;1085
1198;1086
1198;1086
1198;1087
1198;1087
1198;1087
1198;1088
1198;1088
1198;1089
1198;1089
1198;1090
1198;1090
1198;1091
1198;1091
1198;1092
1198;1092
1198;1093
1198;1093
1198;1094
1198;1094
1198;1094
1198;1095
1198;1095
1198;1096
799;1094
799;1093
798;1092
798;1091
798;1090
1198;1090
1198;1091
1198;1091
1198;1091
1198;1092
1198;1092
1198;1093
1198;1093
1198;1093
1198;1094
1198;1094
1198;1095
1198;1095
1198;1095
1198;1096
1198;1096
1198;1097
1198;1097
1198;1097
1198;1098
1198;1098
1198;1098
1198;1099
1198;1099
1198;1100
1198;1100
1198;1100
1198;1101
1198;1101
1198;1101
1198;1102
1198;1102
1198;1102
1198;1103
1198;1103
799;1102
799;1101
799;1100
799;1099
799;1098
799;1097
1198;1097
1198;1097
1198;1098
1198;1098
1198;1098
1198;1099
1198;1099
1198;1099
1198;1100
1198;1100
1198;1100
1198;1101
1198;1101
1198;1101
1198;1102
1198;1102
1198;1102
1198;1103
1198;1103
1198;1103
1198;1103
1198;1104
1198;1104
1198;1104
1198;1105
1198;1105
1198;1105
1198;1106
1198;1106
1198;1106
1198;1106
1198;1107
1198;1107
1198;1107
799;1106
799;1105
799;1104
799;1103
799;1103
799;1102
1198;1102
1198;1102
1198;1103
1198;1103
1198;1103
1198;1103
1198;1104
1198;1104
1198;1104
1198;1104
1198;1105
1198;1105
1198;1105
1198;1106
1198;1106
1198;1106
1198;1106
1198;1107
1198;1107
1198;1107
1198;1107
1198;1108
1198;1108
1198;1108
1198;1108
1198;1109
1198;1109
1198;1109
1198;1109
1198;1110
1198;1110
1198;1110
1198;1110
1198;1111
799;1110
799;1109
799;1108
799;1107
799;1106
799;1106
1198;1106
1198;1106
1198;1106
1198;1107
1198;1107
1198;1107
1198;1107
1198;1107
1198;1108
1198;1108
1198;1108
1198;1108
1198;1109
1198;1109
1198;1109
1198;1109
1198;1110
1198;1110
1198;1110
1198;1110
1198;1110
1198;1111
1198;1111
1198;1111
1198;1111
1198;1112
1198;1112
1198;1112
1198;1112
1198;1112
1198;1113
1198;1113
1198;1113
1198;1113
1198;1114
799;1113
799;1112
799;1111
799;1110
799;1110
1198;1110
1198;1110
1198;1110
1198;1111
1198;1111
1198;1111
1198;1111
1198;1111
1198;1112
1198;1112
1198;1112
1198;1112
1198;1112
1198;1113
1198;1113
1198;1113
1198;1113
1198;1113
1198;1114
1198;1114
1198;1114
1198;1114
1198;1114
1198;1115
1198;1115
1198;1115
1198;1115
1198;1115
1198;1115
1198;1116
1198;1116
1198;1116
1198;1116
1198;1116
1198;1117
799;1116
799;1115
799;1114
799;1114
799;1113
799;1112
799;1112
1198;1112
1198;1112
1198;1112
1198;1112
1198;1113
1198;1113
1198;1113
1198;1113
1198;1113
1198;1114
1198;1114
1198;1114
1198;1114
1198;1114
1198;1114
1198;1115
1198;1115
1198;1115
1198;1115
1198;1115
1198;1115
1198;1116
1198;1116
1198;1116
1198;1116
1198;1116
1198;1116
1198;1117
1198;1117
1198;1117
1198;1117
1198;1117
1198;1118
799;1117
799;1116
799;1116
799;1115
799;1114
799;1114
1198;1114
1198;1114
1198;1114
1198;1114
1198;1114
1198;1115
1198;1115
1198;1115
1198;1115
1198;1115
1198;1115
1198;1116
1198;1116
1198;1116
1198;1116
1198;1116
1198;1116
1198;1117
1198;1117
1198;1117
1198;1117
1198;1117
1198;1117
1198;1118
1198;1118
1198;1118
1198;1118
1198;1118
1198;1118
1198;1118
1198;1119
1198;1119
1198;1119
1198;1119
1198;1119
1198;1119
1198;1119
799;1119
799;1118
799;1118
799;1117
799;1116
799;1116
799;1115
799;1115
799;1114
799;1114
799;1113
799;1112
799;1112
799;1111
799;1111
